                     dataset  batch   n  dibud_lower  dibud_upper  balanced_lower  balanced_upper  delta_lower  delta_upper  ci_lower  ci_upper  wins  losses  ties  ambiguous
msmarco-passage-trec-dl-2019      1  43     0.368812     0.407515        0.345555        0.345555     0.023257     0.061960  0.016287  0.071620    38       0     1          4
msmarco-passage-trec-dl-2019     64  43     0.362894     0.401597        0.345555        0.345555     0.017339     0.056042  0.011447  0.066377    34       0     4          5
msmarco-passage-trec-dl-2020      1  54     0.313985     0.360875        0.297585        0.297585     0.016401     0.063290  0.012025  0.071481    47       0     2          5
msmarco-passage-trec-dl-2020     64  54     0.311202     0.358091        0.297585        0.297585     0.013617     0.060506  0.009458  0.069325    46       0     2          6
                    nfcorpus      1 323     0.579698     0.579698        0.571381        0.571381     0.008316     0.008316  0.006625  0.010153   161       0   162          0
                    nfcorpus     64 323     0.577462     0.577462        0.571381        0.571381     0.006081     0.006081  0.004594  0.007716   122       1   200          0
                     scifact      1 300     0.440445     0.441072        0.417027        0.417637     0.022808     0.024045  0.020146  0.026822   281       0    10          9
                     scifact     64 300     0.436824     0.437451        0.417027        0.417637     0.019187     0.020425  0.016705  0.023003   261       0    30          9
                  trec-covid      1  50     0.235605     0.289661        0.220361        0.220361     0.015244     0.069300  0.010131  0.080616    43       0     1          6
                  trec-covid     64  50     0.233480     0.287536        0.220361        0.220361     0.013119     0.067175  0.007963  0.078772    40       0     1          9
        trec-covid-chrono-r1      1  30     0.272827     0.309685        0.255268        0.255268     0.017559     0.054417  0.011270  0.068005    26       0     1          3
        trec-covid-chrono-r1     64  30     0.270601     0.307459        0.255268        0.255268     0.015333     0.052190  0.009674  0.066011    25       0     1          4
        trec-covid-chrono-r2      1  30     0.246576     0.301349        0.230314        0.230314     0.016262     0.071035  0.010102  0.082826    28       0     0          2
        trec-covid-chrono-r2     64  30     0.244270     0.299043        0.230314        0.230314     0.013956     0.068729  0.008435  0.081409    27       0     0          3
        trec-covid-chrono-r3      1  30     0.225483     0.274065        0.210210        0.210210     0.015273     0.063855  0.007784  0.076711    27       0     0          3
        trec-covid-chrono-r3     64  30     0.223594     0.272176        0.210210        0.210210     0.013383     0.061966  0.006328  0.075098    26       0     0          4
        trec-covid-chrono-r4      1  30     0.217358     0.270099        0.203208        0.203208     0.014150     0.066891  0.008957  0.080052    28       0     0          2
        trec-covid-chrono-r4     64  30     0.215359     0.268092        0.203208        0.203208     0.012151     0.064884  0.007091  0.078295    28       0     0          2
        trec-covid-chrono-r5      1  30     0.198211     0.261588        0.185818        0.185818     0.012393     0.075770  0.007409  0.088985    26       0     0          4
        trec-covid-chrono-r5     64  30     0.195136     0.255885        0.185818        0.185818     0.009318     0.070067  0.005374  0.084627    25       0     0          5
                     dataset   n  target  quality_lower  quality_upper  cost_saving_lower  baseline20_completion  completed_subset_n  completed_subset_saving     at20  zero_upper                budget_choices  successful_folds
msmarco-passage-trec-dl-2019  43    0.90       0.939317       0.939317           0.836159               0.813953                  35                 0.503565 0.604651    0.000000           512,512,512,512,512                 5
msmarco-passage-trec-dl-2019  43    0.95       0.950550       0.950550           0.760242               0.813953                  35                 0.357037 0.674419    0.000000       2048,1024,512,1024,1024                 5
msmarco-passage-trec-dl-2019  43    0.99       0.979489       0.993458           0.000000               0.813953                  35                 0.000000 0.813953    0.000000 10000,10000,10000,10000,10000                 0
msmarco-passage-trec-dl-2020  54    0.90       0.931987       0.931987           0.815263               0.851852                  46                 0.636658 0.537037    0.000000           512,512,512,512,512                 5
msmarco-passage-trec-dl-2020  54    0.95       0.958865       0.958865           0.709638               0.851852                  46                 0.470678 0.685185    0.000000      1024,1024,1024,1024,1024                 5
msmarco-passage-trec-dl-2020  54    0.99       0.986189       0.998643           0.000000               0.851852                  46                 0.000000 0.851852    0.000000  10000,10000,10000,8192,10000                 1
                    nfcorpus 323    0.90       0.911484       0.911484           0.821989               1.000000                 323                 0.821989 0.321981    0.021672           256,128,128,128,128                 5
                    nfcorpus 323    0.95       0.958059       0.958059           0.659202               1.000000                 323                 0.659202 0.523220    0.018576           512,256,256,512,256                 5
                    nfcorpus 323    0.99       0.989648       0.989648           0.159193               1.000000                 323                 0.159193 0.873065    0.003096      2048,2048,1024,2048,2048                 5
                     scifact 300    0.90       0.976763       0.976763           0.834126               1.000000                 300                 0.834126 0.113333    0.003333           128,128,128,128,128                 5
                     scifact 300    0.95       0.976763       0.976763           0.834126               1.000000                 300                 0.834126 0.113333    0.003333           128,128,128,128,128                 5
                     scifact 300    0.99       0.995493       0.995493           0.557640               1.000000                 300                 0.557640 0.680000    0.000000           512,512,512,512,512                 5
                  trec-covid  50    0.90       0.914290       0.914290           0.599996               0.660000                  33                 0.357569 0.480000    0.000000      2048,2048,4096,2048,2048                 5
                  trec-covid  50    0.95       0.951433       0.964268           0.052987               0.660000                  33                 0.033187 0.640000    0.000000      8192,8192,8192,4096,8192                 5
                  trec-covid  50    0.99       0.962379       0.999084           0.000000               0.660000                  33                 0.000000 0.660000    0.000000 10000,10000,10000,10000,10000                 0
                     dataset   n                L_choices   ndcg10  full_ndcg10     delta  ci_lower  ci_upper  ordered20  overlap20    accesses
msmarco-passage-trec-dl-2019  43  5000,5000,500,5000,5000 0.679823     0.681160 -0.001337 -0.018086  0.000428   0.906977   0.994186 8116.279070
msmarco-passage-trec-dl-2020  54           20,20,20,20,20 0.642410     0.624252  0.018158 -0.014406  0.037550   0.000000   0.695370   40.000000
                    nfcorpus 323 5000,5000,5000,2000,5000 0.366504     0.366534 -0.000030 -0.006866  0.000453   0.984520   0.999845 3864.996904
                     scifact 300         200,50,200,50,50 0.743727     0.744158 -0.000431 -0.012815  0.004346   0.323333   0.872500  219.553333
                  trec-covid  50    2000,200,5000,200,200 0.803108     0.805871 -0.002763 -0.010911  0.006533   0.440000   0.954000 3040.000000
        trec-covid-chrono-r1  30        50,50,100,1000,50 0.697785     0.706246 -0.008461 -0.023227  0.013324   0.200000   0.805000  500.000000
        trec-covid-chrono-r2  30        50,50,100,1000,50 0.709121     0.710422 -0.001301 -0.027765  0.010751   0.233333   0.796667  500.000000
        trec-covid-chrono-r3  30        50,50,100,1000,50 0.743242     0.758633 -0.015391 -0.038051  0.010428   0.200000   0.788333  500.000000
        trec-covid-chrono-r4  30        50,50,100,1000,50 0.762563     0.790175 -0.027613 -0.066206  0.002111   0.166667   0.816667  500.000000
        trec-covid-chrono-r5  30        50,50,100,1000,50 0.773039     0.800244 -0.027206 -0.069895 -0.005771   0.166667   0.791667  500.000000
